,EDA1,denbora,SIMULATED1,denbora
0,4.257022122984533e-01,52.38518305500001,0.6860375688947096,42.089871301
1,0.3959646210249405,64.62652213300001,0.6907162021360651,53.591623846999994
2,0.4134338646701284,58.05973126299995,0.6723117008144481,42.08237999300002
3,0.4379840836425588,55.68243657700003,0.710264883661229,38.72242173700005
4,0.44026372223401466,52.85975984100003,0.6792548758256438,40.979144249
5,0.4040224205527664,54.27185640799996,0.6831633164691269,41.44453221899994
6,0.4159800915895686,53.38375906200008,0.7008222099903675,41.66622785799996
7,0.4053667847605974,52.75684925300004,0.6855151677124891,39.49949395099998
8,0.44727402814538875,51.63044718599997,0.6911492201200318,40.42274506399997
9,0.41894205206517793,51.50225133399999,0.6899890945001619,38.34414359599998
10,0.42678148011145145,51.848431998000024,0.6887871937280616,40.45125168100003
11,0.3924872760922732,51.86826261399983,0.6661924119241192,41.81589560200018
12,0.4189786927833751,51.715467349999926,0.7076027654790863,38.14005847399994
13,0.4535505360228188,51.01593283500006,0.6875548764384813,37.26423819399997
14,0.38304993633944845,51.44614923800009,0.693491499734097,38.07567398800006
15,0.4242098906033588,51.99893330199984,0.6815371526575484,41.419705437000175
16,0.4181298091720529,52.10811370800002,0.6619525238534933,40.185614890000124
17,0.4517737984293216,51.74261820899983,0.6799543078589253,38.19640154800004
18,0.41561176834825386,51.86503166400007,0.6814875701509198,42.48234732900005
19,0.4154782313042864,51.77844694999999,0.6767868278310136,40.21821285200008
20,0.4494061245352288,51.34442095300005,0.6970450741715543,38.15059810900016
21,0.4379144160730452,51.32075121400021,0.6762685457681457,41.48945349800033
22,0.412133487654321,52.30988639899988,0.6502325531550068,43.50937281300003
23,0.4467252066115702,51.6051346889999,0.640659917355372,39.97709532299996
24,0.4117546961712855,52.22180958099989,0.6835198963603578,40.726702912999826
25,0.42276057656716093,51.138378501999796,0.6952932293173327,38.92884222800012
26,0.437351598173516,51.2684073649998,0.6716945017826984,39.272165117999975
27,0.40401547312691566,51.515671166000175,0.6158042256060581,42.58490093699993
28,0.42608166241618034,51.49750183699962,0.6731816217227234,42.01879784100038
29,0.43767102362061294,51.61964989500029,0.6565655269369706,39.12826375400027
30,0.4145462241541767,51.61378328799992,0.672144492437133,39.269660403000216
31,0.39040409433497414,52.22541350600022,0.6602230304248508,42.520742229999996
32,0.38404366376180105,52.63373707599976,0.6433272859797514,43.28673624000021
33,0.37936320813303914,70.20509579999998,0.681361690711435,73.64977724500022
34,0.4294557851239669,85.07763564599964,0.7151252066115703,60.66223869999976
35,0.41907035717320834,78.43369329500001,0.6882849585402274,59.32588873699979
36,0.4414398781852617,71.9122586819999,0.6910497912362259,52.50724430599985
37,0.4217218255121395,65.74810632700019,0.6510549068501152,50.885988191999786
38,0.4182552707991415,62.80528251299984,0.6860494781803643,45.64732896400028
39,0.4301544313467517,59.957850909999706,0.6982040260374116,48.849910937999994
40,0.40194476092303244,59.21838821400024,0.71209716796875,44.57573112299997
41,0.4277230010180907,57.8010991379997,0.7091248335813297,43.300890157999675
42,0.452851497717082,56.55449304299964,0.6704838148277061,42.45732582399978
43,0.41128096002931736,56.450334741000006,0.6679854472473452,43.20692619500005
44,0.42646219355446796,55.71135103200049,0.6611945494444018,40.59103515100014
45,0.4315019405176054,52.86262137700032,0.6889328158619719,38.59006001600028
46,0.4157756952398147,52.324529265999445,0.6692334793366721,41.569876114999715
47,0.4051120586250978,51.78807440400033,0.6574456125458054,41.17614181099998
48,0.45277140665900933,51.09525613099959,0.6987040424298507,37.01523922099932
49,0.426049498550906,52.652313866999975,0.6786126227559892,39.6791981919996
50,0.4275064338348854,51.57738943500044,0.6762747205706108,40.24516345699976
51,0.4195121296460216,51.34078783099994,0.677557688010239,39.294487587999356
52,0.4352906974005374,51.42032590300005,0.6954432182271271,40.84022321300017
53,0.4448681781505209,50.55323453500023,0.6622939997065871,38.76854543800073
54,0.387855799598877,51.20940320699992,0.6731978857784824,40.74121025199929
55,0.4167844000806339,50.560001211999406,0.6685768806311307,38.473368596
56,0.38770478234866934,50.84213360499962,0.6636179594386775,40.87713301700023
57,0.4242300226476573,50.74202354600038,0.6973129262070998,38.31530714099972
58,0.44391466558581505,51.18553660199996,0.6893931884316564,39.145453961000385
59,0.43800804363905327,51.83375520000027,0.7111524593195266,37.46799195299991
60,0.39133741188938503,52.57944364100058,0.6908020781941278,41.64817409099942
61,0.43054031865505193,52.279702953000196,0.6738290189696383,38.051622269999825
62,0.4376081301842206,50.443065557999944,0.6767823019145447,39.533974119999584
63,0.39493411603148254,51.47338258200034,0.6576202070049786,42.33398841000053
64,0.4083115332235293,51.50212280699998,0.6660605304454839,39.33474452599967
65,0.4342320048482321,50.98875566899915,0.6994132759452099,37.859234886000195
66,0.41663337554930346,51.10194627100009,0.7088604426915845,36.185959045000345
67,0.41186906861510036,51.47800095000002,0.680438522002308,38.810023267999895
68,0.4103254256601418,51.8060837160001,0.6518870193340033,41.0113408950001
69,0.41481917534575813,51.68578492799952,0.6452016175788498,41.65103926700067
70,0.40371485914336647,50.94509760800065,0.6738295910349033,40.36673564100056
71,0.4182749614895594,51.36377570299919,0.6920238306274145,39.769173048000084
72,0.38569056196871376,50.816382390999934,0.688848256501182,38.91272708999986
73,0.435342751883301,50.6192094779999,0.6862460000220046,37.07016360200032
74,0.4270491455409688,51.02370152399999,0.6893064515114934,38.715211568000086
75,0.4301040307228122,51.057188408,0.6624699925767172,40.25049593499989
76,0.4179054866405465,50.836471929000254,0.6879346168076523,39.177890171999934
77,0.46358291724058764,50.84074501499981,0.6817684121039945,37.39930807700057
78,0.4271778438470417,50.965612498000155,0.6947458556823338,37.06991111699972
79,0.42619048857540165,51.259345706000204,0.6903225554757966,38.06553936700038
80,0.45199993394107546,50.88256947100035,0.7080071673933148,36.68483701199966
81,0.4358660372033186,51.055865977000394,0.7004826815532451,38.26509937999981
82,0.43216353059465673,51.52784745699955,0.6829574834817581,39.205707747000815
83,0.42864916063173464,52.10142881899992,0.6697524775369399,43.03744331599955
84,0.37745161115916953,51.99631030399996,0.6575994809688581,43.47932195299927
85,0.4435691096501907,51.219196258999546,0.6849736222709195,38.14581018200079
86,0.40624904612191326,51.328315183000086,0.6859464505560473,38.13654251299886
87,0.3747856404958677,52.23639096200168,0.6717031106519742,43.925540107000415
88,0.4160575991511556,51.04782888800037,0.6803838245253138,37.844147167999836
89,0.41927516612397797,50.928987332999895,0.6754036991293164,41.73766704299851
90,0.4293590069264509,50.848061324999435,0.6815942691662856,39.83103394099999
91,0.39061795715900394,51.0384976940004,0.6801097438524668,39.7244476399992
92,0.4231919556350835,51.41430786700039,0.6688746749343629,39.98791105899909
93,0.4348614347589316,50.56746998299968,0.6818900311546207,38.823896089999835
94,0.4280388928444286,50.82600659000127,0.6768618725525097,37.59232378199886
95,0.38067292183785256,51.180457099000705,0.6486490113216242,40.6642005620015
96,0.40881668618346695,50.58418324500053,0.6798999366838687,38.86706642900026
97,0.41171760528549173,51.875207455001146,0.6717933369278111,42.27378536300057
98,0.4405278684154095,51.917119998999624,0.690011434002787,38.5851446780016
99,0.42307404542268967,52.227841649000766,0.6908543713178236,40.55585376900126
