,eda,time,simulated,time,evaluations
0,0.0521468140105617,7.26014853200104,0.462495272274342,9.23926315599965,1000
1,0.0387814530374147,6.76638039699901,0.470838887059734,9.84233129200038,1000
2,0.032519313879663,6.76997548000145,0.454099386218861,9.73723832999895,1000
3,0.0408234422230781,7.16983441299999,0.464722193044906,10.0046053030001,1000
4,0.0323816903487233,7.25810643000114,0.474088525942921,9.79501548600092,1000
5,0.0369440494468528,7.27598552000018,0.431114131439317,10.6791290559995,1000
6,0.0425066592248228,7.31158727000002,0.489043193887884,9.44431084699863,1000
7,0.0345298436840457,7.0725986260004,0.453892835745701,9.62395542300146,1000
8,0.0224006343972922,7.09899509500065,0.432881044427787,9.37937654699999,1000
9,0.0495156590921706,7.22182187599901,0.462412862806168,9.75338637599998,1000
10,0.0458460834156567,7.1674720689989,0.465629851198364,9.31757104600001,1000
11,0.0381912302878889,7.15421752700058,0.497547702230583,9.44132562699997,1000
12,0.0283372426012471,6.94826380600171,0.449461443581429,10.2955267559992,1000
13,0.054099936079702,7.14443279999978,0.51938901011704,8.91349084499961,1000
14,0.0369237874429677,7.18461871,0.492713266836937,9.44649262600069,1000
0,0.0516062842948668,49.1384122649997,0.675911440838464,41.9567684089998,5000
1,0.054456957339954,49.065271599,0.704059393032457,40.2902855409993,5000
2,0.0485748667107843,48.9865926250004,0.661556596411492,40.0696580120002,5000
3,0.0522426437301947,49.2270321249998,0.637281303757356,41.2495567920014,5000
4,0.0592560553633218,49.3359335389996,0.658986834916466,42.7234618759994,5000
5,0.0513430242846517,49.7023781690004,0.669913260184934,42.2234154960006,5000
6,0.0575191923192998,48.9835515840005,0.690888128112268,39.9309970020004,5000
7,0.0577666021378672,49.5038750779986,0.690451982156384,38.7897576920004,5000
8,0.060095434602931,49.0635269209997,0.697149181925637,39.7863566209999,5000
9,0.0386223812936975,48.9127470099993,0.66498989298828,39.9385471500009,5000
10,0.0517877641651329,49.298923919001,0.683119882086047,43.4283450230014,5000
11,0.0552442393241635,48.8126929530008,0.671033804700951,40.9783731040006,5000
12,0.0571868839977801,48.0689764709987,0.699518538316751,39.3044870249996,5000
13,0.0593661821498574,49.0487531079998,0.677119292049137,41.0390249600005,5000
14,0.0660385247717748,49.3572475500005,0.697433636024274,37.8230863499994,5000
0,0.144560997706623,100.735112435999,0.725048033998004,68.5411419150005,10000
1,0.12591853394419,102.382666594,0.691105372761349,80.6571862870005,10000
2,0.119517790756604,101.796528906001,0.689493194750815,81.264660183002,10000
3,0.0950037597358377,102.548316142002,0.69321077266919,78.2809201689997,10000
4,0.118831719252268,101.806397561999,0.682875862492578,79.8460735780027,10000
5,0.124706383353856,101.951840659,0.703138996556225,78.6892701270008,10000
6,0.125030620566061,101.954545721001,0.700554635147897,76.1633284899981,10000
7,0.126280785470723,101.424489074998,0.679452737892269,75.2161030629977,10000
8,0.131516270690594,101.884551995001,0.7109091038614,75.2534618730024,10000
9,0.142557515890161,101.094305807997,0.714669759671861,71.203897217998,10000
10,0.136984845144633,101.675236785002,0.699802140367366,75.9916392580017,10000
11,0.140604398715491,101.660871534001,0.673132352425711,80.4011278899998,10000
12,0.138181530864198,101.722822694002,0.71678538271605,75.6836815009992,10000
13,0.106328457191038,101.419427353001,0.709310495830639,77.7955461040001,10000
14,0.11142903050995,100.944034077002,0.721898980140738,69.4371726499994,10000
0,0.355024293768686,206.319133102999,0.693014415759161,145.552168254999,20000
1,0.327337561277229,208.821375990999,0.688886941490542,154.067803144,20000
2,0.344531711186541,207.892176736001,0.685960625210828,158.291564335999,20000
3,0.347514033064206,208.465255466999,0.675522645136486,162.971929392003,20000
4,0.360092645791439,206.731417932002,0.718367566791152,150.305786068002,20000
5,0.350656561580302,206.744077616,0.67567508164683,153.651913081001,20000
6,0.319240679373803,208.061664641999,0.701061660920677,154.634279831,20000
7,0.344548690298671,207.737985243999,0.706462641441165,153.246232631001,20000
8,0.352859538601543,208.699781055002,0.683486282907306,157.184077559999,20000
9,0.344872906321017,207.408135677,0.711501977947984,144.817685662998,20000
10,0.343484280839116,208.508345291997,0.704350874840212,154.112766901002,20000
11,0.36960327187893,206.740293335999,0.711061632547259,147.451413324998,20000
12,0.316180568880605,207.004399532001,0.694677061727718,153.436681794999,20000
13,0.357153233990279,206.319580684001,0.703310010860083,150.300602609001,20000
14,0.339871664735147,208.406245858001,0.691119734345866,157.642227046999,30000
0,0.539746797312989,311.477257478,0.68702006517749,222.741141849998,30000
1,0.539206037168055,311.434525716999,0.691257610227527,230.399388749,30000
2,0.536345682330185,311.233974308001,0.706346362487185,217.491980439998,30000
3,0.551156168822062,313.998807633001,0.700821177808291,230.471811661999,30000
4,0.590554305701787,311.789713418002,0.699364521362899,219.409671707002,30000
5,0.53595766380462,312.753148690001,0.705514280052344,217.778405180001,30000
6,0.553627889951087,314.878979552999,0.683778806671689,236.257668372,30000
7,0.579961366546124,313.317916507,0.719695873857281,212.167655642999,30000
8,0.545205567111616,316.022570975998,0.704915796039295,226.897372048999,30000
9,0.545175370788013,313.310010882,0.697397256380161,233.109268949,30000
10,0.523180294539115,315.1641619,0.679829330236124,251.123005214999,30000
11,0.537521928729289,311.578580788002,0.704558756508384,222.035351099003,30000
12,0.560038116321417,312.992683765005,0.699530946188228,226.513555922997,30000
13,0.538929615409942,314.064183531002,0.704058122256865,230.766211367001,30000
14,0.590897674908844,312.563872205996,0.710592191725324,216.208105857004,30000
0,0.670242936588557,419.598307958004,0.7075670184742,303.667264415999,40000
1,0.650002402177147,418.445226625998,0.675906395680421,298.658313617998,40000
2,0.643226009676055,417.634522535001,0.696647559844697,309.217201396001,40000
3,0.64336965344415,418.905637912001,0.683262453078497,307.168169454999,40000
4,0.642053297427369,420.278743507995,0.690717539529457,310.176201745002,40000
5,0.653937074009071,417.001854105001,0.703296724178688,295.889697536004,40000
6,0.654333430898228,433.054271180001,0.677763468259844,333.891975783998,40000
7,0.627125917048996,464.790958239995,0.700246372381406,315.607693705999,40000
8,0.652059327757618,425.334710827003,0.66785867868455,321.484254317998,40000
9,0.66875283446712,423.912651630999,0.705879818594104,299.914935300003,40000
10,0.641985099489225,430.129723377999,0.703261990920248,312.491346793002,40000
11,0.650907060966497,427.036681372003,0.689759843901321,312.766143025001,40000
12,0.668807506172839,432.883799046002,0.698735012345679,289.211667107003,40000
13,0.661230896754018,439.488833623007,0.670905927570307,338.029524461999,40000
14,0.645698980454243,486.828331539,0.674768590172099,333.561807345999,40000
